<?xml version="1.0"?>
<opencv_storage>
<calibration_time>"Tue 01 Apr 2008 08:30:43 PM PDT"</calibration_time>
<image_count>7</image_count>
<image_width>1600</image_width>
<image_height>1200</image_height>
<board_width>12</board_width>
<board_height>12</board_height>
<square_size>1.</square_size>
<flags>0</flags>
<camera_matrix type_id="opencv-matrix">
  <rows>3</rows>
  <cols>3</cols>
  <dt>d</dt>
  <data>
    1.7599226311010543e+03 0. 814.2623017087965991 0.
    1.7638776962421700e+03 630.3165263706059704 0. 0. 1.</data></camera_matrix>
<distortion_coefficients type_id="opencv-matrix">
  <rows>1</rows>
  <cols>4</cols>
  <dt>d</dt>
  <data>
    0.0948481762364820 -5.3669415602886301e-06 6.6350743466000103e-03
    -8.5755349379385481e-04</data></distortion_coefficients>
<avg_reprojection_error>0.2944964757041326</avg_reprojection_error>
<per_view_reprojection_errors type_id="opencv-matrix">
  <rows>1</rows>
  <cols>7</cols>
  <dt>d</dt>
  <data>
    0.3076996273464627 0.2572460174560547 0.3827699025472005
    0.2659193674723307 0.2149444156222873 0.2234357198079427
    0.4094602796766493</data></per_view_reprojection_errors>
</opencv_storage>
