<?xml version="1.0"?>
<opencv_storage>
<H type_id="opencv-matrix">
  <rows>3</rows>
  <cols>3</cols>
  <dt>f</dt>
  <data>
    1.53443968 1.09430754 1.21591821e+03 -9.90495396 33.61978912
    484.43041992 -0.01660610 6.16635953e-04 28.50000000</data></H>
</opencv_storage>
