<?xml version="1.0"?>
<opencv_storage>
<H_invt type_id="opencv-matrix">
  <rows>3</rows>
  <cols>3</cols>
  <dt>f</dt>
  <data>
    0.39235714 -0.01246789 -16.52752113 0.11233589 0.02618398
    -5.23773909 2.26184318e-04 -7.83119594e-06 0.02557095</data></H_invt>
</opencv_storage>
