<?xml version="1.0"?>
<opencv_storage>
<Rot type_id="opencv-matrix">
  <rows>3</rows>
  <cols>3</cols>
  <dt>f</dt>
  <data>
    0.45384514 0.01198699 0.89099997 0.01551735 0.99965155 -0.02135274
    -0.89094543 0.02351680 0.45350102</data></Rot>
</opencv_storage>
