environmentsize(meters): 2.0 2.0 2.0
discretization(cells): 100 100 100
basexyz(cells): 0 48 48
linklengths(meters): 0.0 0.0 0.4 0.0 0.32025 0.0 0.11
linkstartangles(degrees): 0 0 0 0 0 0 0
endeffectorgoal(meters): 0.4 -0.5 0.50
linktwist(degrees): 0.0 -90.0 -90.0 90.0 -90.0 90.0 -90.0 0.0 
linklength(meters): 0.0 0.1 0.0 0.0 0.0 0.0 0.0 0.0
linkoffset(meters): 0.0 0.0 0.0 0.4 0.0 0.32025 0.0 0.11
jointangle(degrees): 90.0 -90.0 -90.0 0.0 0.0 0.0 0.0 0.0
posmotorlimits(radians): 2.14  1.4 .656   0.0  3.14 2.0 3.14
negmotorlimits(radians): 0.56  0.3 3.75  2.2  3.14 -0.1 3.14
goalorientation:
0  0  1   2   2 2
0 -1  0   2   2 2
1  0  0  .01  2 2
environment:
