environmentsize(meters): 2.0 2.0 2.0
discretization(cells): 100 100 100
basexyz(cells): 0 48 48
linklengths(meters): 0.0 0.0 0.4 0.0 0.32025 0.0 0.11
linkstartangles(degrees): 0 0 0 0 0 0 0
endeffectorgoal(meters): .95 .01 .98
linktwist(degrees): 0.0 -90.0 -90.0 90.0 -90.0 90.0 -90.0 0.0 
linklength(meters): 0.0 0.1 0.0 0.0 0.0 0.0 0.0 0.0
linkoffset(meters): 0.0 0.0 0.0 0.4 0.0 0.32025 0.0 0.11
jointangle(degrees): 90.0 -90.0 -90.0 0.0 0.0 0.0 0.0 0.0
posmotorlimits(radians): 2.14  1.4 .656   0.0  3.14 2.0 3.14
negmotorlimits(radians): 0.56  0.3 3.75  2.2  3.14 -0.1 3.14
environment:
cube(meters): 0.63  -0.58 1.205 0.3 0.3 0.15
cube(meters): 0.6 0.7 0.6  0.38 0.3 0.2
cube(meters): 0.58  0.0 0.25  .2 0.05 0.5
cube(meters): -0.175  -0.5 .6 0.2 0.4 0.5
cube(meters): 0.86  0.3  1.5 .25 0.37 0.25
cube(meters): 0.49  0.4  .9  .13 0.13 0.1
