environmentsize(meters): 2.0 2.0 2.0
discretization(cells): 200 200 200 100 100 100
basexyz(meters): 0 0 1
linklengths(meters): 0.0 0.0 0.4 0.0 0.32025 0.0 0.11
linkstartangles(degrees): 0 0 0 0 0 0 0
endeffectorgoal(meters): 0.7 0.1 0.45
linktwist(degrees): 0.0 -90.0 -90.0 90.0 -90.0 90.0 -90.0 0.0
linklength(meters): 0.0 0.1 0.0 0.0 0.0 0.0 0.0 0.0
linkoffset(meters): 0.0 0.0 0.0 0.4 0.0 0.32025 0.0 0.11
jointangle(degrees): 90.0 -90.0 -90.0 0.0 0.0 0.0 0.0 0.0
posmotorlimits(radians):  2.14   1.4 .656    0.0   3.14  2.0  3.14
negmotorlimits(radians): -0.56  -0.3 -3.75  -2.2  -3.14 -0.1 -3.14
goalorientation:
0  0  1   2   2 2
0 -1  0   2   2 2
1  0  0  .01  2 2
environment:
cube(meters): 0.9  0.0  0.75  0.4 0.85 0.05
cube(meters): 0.6 -0.4   1.0  1.0 0.05 0.50
cube(meters): 0.6  0.4   1.0  1.0 0.05 0.50
