%YAML:1.0
calibration_time: "Mon 16 Feb 2009 03:08:03 PM PST"
image_count: 20
image_width: 1605
image_height: 1203
board_width: 6
board_height: 9
square_size: 1.
flags: 0
camera_matrix: !!opencv-matrix
   rows: 3
   cols: 3
   dt: d
   data: [ 3.0430552215565526e+03, 0., 818.8374511726279934, 0.,
       3.0380010665580071e+03, 622.4034446119248969, 0., 0., 1. ]
distortion_coefficients: !!opencv-matrix
   rows: 1
   cols: 4
   dt: d
   data: [ -0.4236803313250559, 0.3205855183797016,
       -2.1805356632713969e-03, 1.2565195249528982e-03 ]
avg_reprojection_error: 0.6389151043362088
per_view_reprojection_errors: !!opencv-matrix
   rows: 1
   cols: 20
   dt: d
   data: [ 0.4322176332826967, 0.5103646737557871, 0.7033199734157987,
       0.6555396185980903, 0.6080373128255209, 0.9595071298104746,
       0.4050739429615162, 0.7723744710286459, 0.5871186433015047,
       0.8415030020254629, 0.5310115107783565, 0.6872869420934606,
       0.6105538827401621, 0.8999181676793981, 0.8927278871889468,
       0.9186017071759259, 0.4985594572844328, 0.4602258470323350,
       0.4497172037760417, 0.3546430799696181 ]
