%YAML:1.0
calibration_time: "Mon 16 Mar 2009 05:28:44 PM PDT"
image_count: 27
image_width: 2448
image_height: 2050
board_width: 6
board_height: 9
square_size: 0.0225000008940697
# flags: +fix_principal_point
flags: 4
camera_matrix: !!opencv-matrix
   rows: 3
   cols: 3
   dt: d
   data: [ 4.8700752044835708e+03, 0., 1.2235000000000000e+03, 0.,
       4.8718071914800475e+03, 1.0245000000000000e+03, 0., 0., 1. ]
distortion_coefficients: !!opencv-matrix
   rows: 1
   cols: 4
   dt: d
   data: [ -0.4090993093427951, 0.1088953609352069,
       2.9253408350699869e-03, 6.5983238131214685e-04 ]
avg_reprojection_error: 0.8918182519564740
per_view_reprojection_errors: !!opencv-matrix
   rows: 1
   cols: 27
   dt: d
   data: [ 0.4211346661603009, 0.5815667046440972, 0.7081231011284722,
       0.5965372721354166, 0.7800750732421875, 0.9745732060185185,
       0.4016398677119502, 0.5488303855613426, 0.5638167769820602,
       1.1073760986328125, 1.6747899938512731, 1.5030805799696181,
       2.0846421983506946, 1.6722762496383101, 1.2828753436053242,
       0.7792980052806713, 0.6674722742151331, 0.8402376528139468,
       0.8539247866030093, 0.6026710227683738, 0.6861233181423612,
       0.7365281846788194, 0.9234268753616898, 0.4992924442997685,
       0.6929649070457176, 0.5140431722005209, 1.3817726417824074 ]
