%YAML:1.0
calibration_time: "Wed 25 Feb 2009 02:57:56 PM PST"
image_count: 38
image_width: 2448
image_height: 2050
board_width: 6
board_height: 9
square_size: 21.5000000000000000
# flags: +fix_principal_point
flags: 4
camera_matrix: !!opencv-matrix
   rows: 3
   cols: 3
   dt: d
   data: [ 4.7633037413212051e+03, 0., 1.2235000000000000e+03, 0.,
       4.7836467329414791e+03, 1.0245000000000000e+03, 0., 0., 1. ]
distortion_coefficients: !!opencv-matrix
   rows: 1
   cols: 4
   dt: d
   data: [ -0.4133331200594778, 0.3367641251744126,
       -1.8981976292509817e-03, 2.5938712953414858e-03 ]
avg_reprojection_error: 0.8951818455032438
per_view_reprojection_errors: !!opencv-matrix
   rows: 1
   cols: 38
   dt: d
   data: [ 0.6713573314525463, 0.9828208640769676, 0.5260111490885416,
       0.6412777370876737, 0.6234842936197916, 0.6029357910156250,
       0.6330221670645254, 1.1689611364293981, 0.9729309082031250,
       1.2261646412037037, 1.2411024305555556, 1.2471381293402777,
       1.3050344961660880, 1.0252029984085649, 1.1607259114583333,
       1.5139114945023149, 1.4979858398437500, 1.0685289171006944,
       0.8107887550636574, 1.0840996636284723, 1.4619253653067130,
       1.0258551703559027, 1.5228836624710649, 0.6090856481481481,
       0.5739647194191262, 0.7785822550455729, 0.6154782330548322,
       0.5093191641348379, 0.6868839970341435, 0.4749755859375000,
       0.6913904260706019, 1.0603535970052083, 0.7339952256944444,
       0.5126656426323785, 0.5623499552408854, 0.7178404066297743,
       0.8415400187174479, 0.6343364009150753 ]
