%YAML:1.0
calibration_time: "Mon 23 Feb 2009 06:59:47 PM PST"
image_count: 38
image_width: 2448
image_height: 2050
board_width: 6
board_height: 9
square_size: 21.5000000000000000
flags: 0
camera_matrix: !!opencv-matrix
   rows: 3
   cols: 3
   dt: d
   data: [ 4.7497818824258711e+03, 0., 1.3694930214880044e+03, 0.,
       4.7692500024909095e+03, 1.0068525128333667e+03, 0., 0., 1. ]
distortion_coefficients: !!opencv-matrix
   rows: 1
   cols: 4
   dt: d
   data: [ -0.4127328691253226, 0.3592163017603905,
       -2.1293806857704393e-03, 5.3090701070153574e-04 ]
avg_reprojection_error: 0.8941106963575932
per_view_reprojection_errors: !!opencv-matrix
   rows: 1
   cols: 38
   dt: d
   data: [ 0.6382943612557871, 0.9893731011284722, 0.5023165102358218,
       0.6207077591507523, 0.6107957628038194, 0.5825653076171875,
       0.5898318820529513, 1.1728724726924189, 0.9952392578125000,
       1.2518762659143519, 1.2736070421006944, 1.2817134150752314,
       1.3108904803240742, 1.0385742187500000, 1.1552576135706019,
       1.4972500271267362, 1.4839398419415508, 1.0910531503182870,
       0.8206515842013888, 1.0814457646122686, 1.4519461172598380,
       1.0051111291956019, 1.5273347077546295, 0.6040626808449074,
       0.5440136944806134, 0.7476179334852431, 0.6376286259403935,
       0.5365137170862269, 0.6606530083550347, 0.4881919578269676,
       0.7026163736979166, 1.0515724464699074, 0.7525634765625000,
       0.5285345006872106, 0.5785242716471354, 0.6902338663736979,
       0.8150874950267650, 0.6657446402090567 ]
