%YAML:1.0
calibration_time: "Tue 26 May 2009 06:57:07 PM PDT"
image_count: 22
image_width: 2448
image_height: 2050
board_width: 6
board_height: 9
square_size: 0.0225000008940697
# flags: +fix_principal_point
flags: 4
camera_matrix: !!opencv-matrix
   rows: 3
   cols: 3
   dt: d
   data: [ 4.9299428840268138e+03, 0., 1.2235000000000000e+03, 0.,
       4.9263874855123941e+03, 1.0245000000000000e+03, 0., 0., 1. ]
distortion_coefficients: !!opencv-matrix
   rows: 1
   cols: 4
   dt: d
   data: [ -0.3785014155940467, -0.4142715870764997,
       0.0, 0.0 ]
avg_reprojection_error: 0.9134989651766691
per_view_reprojection_errors: !!opencv-matrix
   rows: 1
   cols: 22
   dt: d
   data: [ 0.4578885678891783, 0.4241745560257523, 0.6233107955367477,
       0.5464907045717593, 0.6590711805555556, 0.4644594545717592,
       0.5100402832031250, 0.4942875614872685, 0.5784109610098379,
       0.6579759385850694, 0.5175521285445602, 0.4915291115089699,
       0.4182897497106481, 0.7861407244646991, 1.2938571506076388,
       1.1923782913773149, 0.9213878490306713, 0.7797495524088541,
       4.4190492983217595, 1.8543008874963831, 1.3554868344907407,
       0.6511456524884259 ]
