%YAML:1.0
calibration_time: "Thu 26 Feb 2009 04:35:10 PM PST"
image_count: 38
image_width: 2448
image_height: 2050
board_width: 6
board_height: 9
square_size: 0.0215000007301569
# flags: +fix_principal_point
flags: 4
camera_matrix: !!opencv-matrix
   rows: 3
   cols: 3
   dt: d
   data: [ 4.7633037083124318e+03, 0., 1.2235000000000000e+03, 0.,
       4.7836466739552006e+03, 1.0245000000000000e+03, 0., 0., 1. ]
distortion_coefficients: !!opencv-matrix
   rows: 1
   cols: 4
   dt: d
   data: [ -0.4133328475484421, 0.3367608615796431,
       -1.8982548431284811e-03, 2.5938754432269914e-03 ]
avg_reprojection_error: 0.8951808193273711
per_view_reprojection_errors: !!opencv-matrix
   rows: 1
   cols: 38
   dt: d
   data: [ 0.6713539406105324, 0.9828265154803241, 0.5260100188078703,
       0.6412913004557291, 0.6234775119357638, 0.6029301396122685,
       0.6330165156611690, 1.1689560501663774, 0.9729252567997685,
       1.2261657714843750, 1.2410933883101851, 1.2471336082175926,
       1.3050311053240742, 1.0252143012152777, 1.1607304325810186,
       1.5139137550636574, 1.4979813187210649, 1.0685221354166667,
       0.8107887550636574, 1.0841222692418981, 1.4619400589554399,
       1.0258461281105324, 1.5228927047164351, 0.6090799967447916,
       0.5739568074544271, 0.7785808421947338, 0.6154748422128183,
       0.5093120998806424, 0.6868794759114584, 0.4749710648148148,
       0.6913813838252315, 1.0603581181278936, 0.7339963559751157,
       0.5126608389395254, 0.5623499552408854, 0.7178389937789352,
       0.8415335196035879, 0.6343338577835648 ]
