%YAML:1.0
calibration_time: "Tue 26 May 2009 01:10:11 PM PDT"
image_count: 30
image_width: 2448
image_height: 2050
board_width: 6
board_height: 9
square_size: 0.0225000008940697
# flags: +fix_principal_point
flags: 4
camera_matrix: !!opencv-matrix
   rows: 3
   cols: 3
   dt: d
   data: [ 4.8851952194804217e+03, 0., 1.2235000000000000e+03, 0.,
       4.8866584321527862e+03, 1.0245000000000000e+03, 0., 0., 1. ]
distortion_coefficients: !!opencv-matrix
   rows: 1
   cols: 4
   dt: d
   data: [ -0.4011189591302325, -0.0444129302756611,
       3.1616610603064977e-03, -1.6553440458367676e-04 ]
avg_reprojection_error: 0.5000121034221885
per_view_reprojection_errors: !!opencv-matrix
   rows: 1
   cols: 30
   dt: d
   data: [ 0.4157940899884259, 0.4153657136140047, 0.4117623788339120,
       0.4506847240306713, 0.3923407660590278, 0.4584028455946181,
       0.5230147750289352, 0.5074315954137731, 0.3571619104456019,
       0.4311065673828125, 0.3780099374276620, 0.3641122888635706,
       0.4001442238136574, 0.6407815438729746, 0.7242036042390047,
       0.6484261971932871, 0.6154909487123843, 0.6767431188512731,
       0.6271930270724826, 0.6779926441333912, 0.6269401267722801,
       0.6277900978370949, 0.6814586498119213, 0.4754915590639467,
       0.4347901520905672, 0.4022505018446181, 0.4070479781539352,
       0.4239145914713542, 0.3961721349645544, 0.4083444100839120 ]
