environmentsize(meters): 1.1 2.0 2.0
discretization(cells): 110 200 200 55 100 100
basexyz(meters): 0 0 0
origin_xyz(meters): 0 -1 -1
number_of_planning_joints: 7
linkstartangles(radians): 0 0 0 -.63 0 .057 0
endeffectorgoal(meters): 1
0.600 -0.440 -0.190 -0.860 -0.130 0.560
goal_tolerance(meters,radians): 0.03 0.15
linktwist(degrees):  -90.0 90.0 -90.0 90.0 -90.0 90.0 0.0
linklength(meters):   0.1 0 0 0 0 0 0
linkoffset(meters):  0 0 0.4 0 0.32025 0 0.0
jointangle(degrees): 0 90 0 0 0 0 0
posmotorlimits(radians): 0.714601836603 1.3963   0.8    0.1  0  2.2  0
negmotorlimits(radians): -2.2853981634  -.5236  -3.9   -2.3  0  -0.1  0
environment:
