discretization(cells): 200 200 200 100 100 100
basexyz(meters): 0 0 0
linklengths(meters): 0.0 0.0 0.4 0.0 0.32025 0.0 0.14
linkstartangles(degrees): 0 0 0 0 0 0 0
endeffectorgoal(meters): 1
0.2 0.8 0.0     0 0 1 0 -1 0 1 0 0
0.25 0.6 0.0    0 0 1 0 -1 0 1 0 0
linktwist(degrees):  -90.0 90.0 -90.0 90.0 -90.0 90.0 0.0
linklength(meters):   0.1 0 0 0 0 0 0
linkoffset(meters):  0 0 0.4 0 0.32025 0 0.14
jointangle(degrees): 0 90 0 0 0 0 0
posmotorlimits(radians):  0.56  1.5   0.8    0.1  3.15  2.0  3.15
negmotorlimits(radians): -2.14  -0.4  -3.75  -2.3  -3.15  -0.1  -3.15
goalorientationMOE:
2   2 2
2   2 2
.03  2 2
environment:
cube(meters): 0.6  0.3  0.7  0.2 0.2 0.2

