environmentsize(meters): 1.4 2.2 1.5
discretization(cells):  140 220 150 70 110 75
origin_xyz(meters): -.3 -1.2 -0.85
basexyz(meters): 0 0 0
number_of_planning_joints: 7
linkstartangles(degrees): 0.00 0.0 0.00 0.0 0.00 0.00 0.00
linktwist(degrees):  -90.0 90.0 -90.0 90.0 -90.0 90.0 0.0
linklength(meters):   0.1 0 0 0 0 0 0
linkoffset(meters):  0 0 0.4 0 0.32025 0 0
jointangle(degrees): 0 90 0 0 0 0 0
posmotorlimits(radians):  0.564602  1.3464   0.65  0.01  0 2.01  0
negmotorlimits(radians): -2.1354  -.3536  -3.75 -2.05  0 -0.01  0
