environmentsize(meters): 1.0 2.2 2.0
discretization(cells):  100 220 200 50 110 100
basexyz(meters): 0 0 0
origin_xyz(meters): 0 -1 -1
linkstartangles(degrees): 0.00 0.0 0.00 0.0 0.00 0.00 0.00
linktwist(degrees):  -90.0 90.0 -90.0 90.0 -90.0 90.0 0.0
linklength(meters):   0.1 0 0 0 0 0 0
linkoffset(meters):  0 0 0.4 0 0.32025 0 0
jointangle(degrees): 0 90 0 0 0 0 0
posmotorlimits(radians): 0.714601836603 1.3963   0.8    0.1  3.15  2.2  3.15
negmotorlimits(radians): -2.2853981634  -.5236  -3.9   -2.3  -3.15  -0.1  -3.15
