environmentsize(meters): 1.2 2.2 2.0
discretization(cells):  120 220 200 60 110 100
origin_xyz(meters): -.1 -1 -1
basexyz(meters): 0 0 0
number_of_planning_joints: 7
linkstartangles(degrees): 0.00 0.0 0.00 0.0 0.00 0.00 0.00
linktwist(degrees):  -90.0 90.0 -90.0 90.0 -90.0 90.0 0.0
linklength(meters):   0.1 0 0 0 0 0 0
linkoffset(meters):  0 0 0.4 0 0.32025 0 0
jointangle(degrees): 0 90 0 0 0 0 0
posmotorlimits(radians): 0.714601836603 1.3963   0.8    0.1  0  2.2  0
negmotorlimits(radians): -2.2853981634  -.5236  -3.9   -2.3  0  -0.1  0
