environmentsize(meters): 2.0 2.0 2.0
discretization(cells): 200 200 200 100 100 100
basexyz(meters): 0 0 0
linklengths(meters): 0.0 0.0 0.4 0.0 0.32025 0.0 0.11
linkstartangles(degrees): -0.00 0.01 -0.00 -0.02 -0.00 0.20 0.00
linktwist(degrees): 0 -90.0 90.0 -90.0 90.0 -90.0 90.0 0.0
linklength(meters):  0 0.1 0 0 0 0 0 0
linkoffset(meters): 0 0 0 0.4 0 0.32025 0 0.11
jointangle(degrees): 0 0 90 0 0 0 0 0
posmotorlimits(radians):  0.56  1.5   0.8    0.1  3.15  2.0  3.15
negmotorlimits(radians): -2.14  -0.4  -3.75  -2.3  -3.15  -0.1  -3.15
endeffectorgoal(meters): 1
-.4 .7 0.1 0.8 -.2 -0.1 0 0 0 0 0 0