environmentsize(meters): 1.4 2.0 2.0
discretization(cells): 140 200 200 70 100 100
basexyz(meters): 0 0 0
linklengths(meters): 0.0 0.0 0.4 0.0 0.32025 0.0 0.11
linkstartangles(degrees): 0.00 0.0 -0.00 -0.0 -0.00 0.00 0.00
linktwist(degrees):  -90.0 90.0 -90.0 90.0 -90.0 90.0 0.0
linklength(meters):   0.1 0 0 0 0 0 0
linkoffset(meters):  0 0 0.4 0 0.32025 0 0.11
jointangle(degrees): 0 90 0 0 0 0 0
posmotorlimits(radians):  0.56  1.5   0.8    0.1  3.15  2.0  3.15
negmotorlimits(radians): -2.14  -0.4  -3.75  -2.3  -3.15  -0.1  -3.15
jointspacegoal(radians): 1
-1 1 -2 -.6 .05 1.1 1.04