<?xml version="1.0"?>
<!-- a list of 3D points for testing. Each row is a point (X, Y, Z)
 all coordinates are in double
-->
<opencv_storage>
<A type_id="opencv-matrix">
  <rows>2000</rows>
  <cols>3</cols>
  <dt>d</dt>
  <data>
0.345314 -0.227885 -0.175579
0.331946 -0.216623 -0.167888
0.332762 -0.215 -0.168358
0.33282 -0.212877 -0.168391
0.334376 -0.211742 -0.169286
0.337443 -0.211573 -0.171051
0.339756 -0.210892 -0.172381
0.339031 -0.208268 -0.171964
0.339815 -0.20661 -0.172415
0.335249 -0.201634 -0.169788
0.332181 -0.197648 -0.168024
0.332926 -0.196024 -0.168452
0.331358 -0.193011 -0.16755
0.332085 -0.191391 -0.167968
0.332805 -0.189768 -0.168383
0.332016 -0.187241 -0.167816
0.332721 -0.185618 -0.168222
0.33342 -0.183992 -0.168624
0.330996 -0.180609 -0.16723
0.331676 -0.178991 -0.167621
0.33235 -0.177371 -0.168009
0.333018 -0.175746 -0.168393
0.327394 -0.170738 -0.165159
0.324888 -0.167464 -0.163718
0.325518 -0.165877 -0.164081
0.326143 -0.164288 -0.16444
0.323593 -0.161068 -0.162974
0.3242 -0.159488 -0.163323
0.328775 -0.159898 -0.165953
0.324598 -0.155924 -0.163551
0.325185 -0.154339 -0.163889
0.328164 -0.153911 -0.165602
0.328743 -0.152308 -0.165935
0.326909 -0.149566 -0.16488
0.327472 -0.14797 -0.165204
0.324808 -0.144888 -0.163672
0.325353 -0.143302 -0.163985
0.325892 -0.141713 -0.164295
0.326425 -0.140122 -0.164602
0.333437 -0.141362 -0.168634
0.333969 -0.139733 -0.168939
0.330428 -0.13637 -0.166903
0.326867 -0.133046 -0.164856
0.331447 -0.133139 -0.167489
0.328679 -0.130185 -0.165898
0.332442 -0.129898 -0.168061
0.329652 -0.126972 -0.166457
0.330129 -0.125361 -0.166731
0.324845 -0.121528 -0.163694
0.325302 -0.119942 -0.163956
0.325753 -0.118354 -0.164215
0.330326 -0.118287 -0.166845
0.33077 -0.116674 -0.1671
0.331208 -0.115058 -0.167352
0.327495 -0.111978 -0.165217
0.325425 -0.109515 -0.164027
0.325837 -0.107926 -0.164264
0.326242 -0.106335 -0.164497
0.329141 -0.105569 -0.166164
0.329537 -0.103962 -0.166391
0.332434 -0.103154 -0.168057
0.330312 -0.100741 -0.166837
0.33069 -0.0991277 -0.167054
0.32687 -0.0962395 -0.164858
0.324713 -0.0938925 -0.163618
0.325065 -0.0923075 -0.16382
0.323729 -0.0902369 -0.163052
0.324067 -0.0886568 -0.163246
0.3244 -0.0870751 -0.163438
0.323882 -0.0852625 -0.16314
0.324202 -0.0836818 -0.163324
0.324515 -0.0820994 -0.163504
0.325669 -0.080732 -0.164167
0.325972 -0.0791423 -0.164341
0.327964 -0.0779669 -0.165487
0.329953 -0.0767729 -0.166631
0.330241 -0.0751617 -0.166796
0.328821 -0.0731589 -0.16598
0.328244 -0.0713626 -0.165648
0.328511 -0.06976 -0.165801
0.328772 -0.0681561 -0.165951
0.330733 -0.0669068 -0.167079
0.33269 -0.065639 -0.168204
0.332936 -0.0640141 -0.168345
0.331465 -0.0620579 -0.167499
0.331696 -0.0604392 -0.167633
0.326784 -0.0578808 -0.164809
0.327 -0.0562857 -0.164933
0.324638 -0.0542461 -0.163575
0.327414 -0.0530923 -0.165171
0.324178 -0.0509374 -0.16331
0.332099 -0.0505691 -0.167864
0.323692 -0.0476421 -0.16303
0.323009 -0.0459364 -0.162638
0.32318 -0.0443604 -0.162736
0.330232 -0.0437239 -0.166791
0.330394 -0.0421116 -0.166884
0.334859 -0.0410428 -0.169451
0.335012 -0.0394072 -0.169539
0.335158 -0.0377709 -0.169623
0.335297 -0.0361339 -0.169703
0.329388 -0.0338556 -0.166305
0.327786 -0.0320733 -0.165384
0.329632 -0.030639 -0.166446
0.329745 -0.0290299 -0.166511
0.330716 -0.0274942 -0.167069
0.333411 -0.0260889 -0.168619
0.333507 -0.0244608 -0.168674
0.333596 -0.0228322 -0.168725
0.33368 -0.0212031 -0.168773
0.338086 -0.0198353 -0.171306
0.333828 -0.0179438 -0.168858
0.331294 -0.0161828 -0.167401
0.330486 -0.0145261 -0.166937
0.330538 -0.0129128 -0.166967
0.329717 -0.0112687 -0.166495
0.327157 -0.00958076 -0.165023
0.32719 -0.00798425 -0.165042
0.327217 -0.00638758 -0.165058
0.334173 -0.00489551 -0.169057
0.334189 -0.00326373 -0.169066
0.334198 -0.00163188 -0.169071
0.322931 -1.34483e-09 -0.162593
0.322928 0.00157515 -0.162591
0.322919 0.00315028 -0.162586
0.324638 0.00475152 -0.163575
0.338486 0.00661446 -0.171536
0.338458 0.00826784 -0.17152
0.338423 0.00992106 -0.1715
0.327984 0.0112076 -0.165498
0.327939 0.0128081 -0.165472
0.327887 0.0144084 -0.165443
0.329562 0.0160956 -0.166406
0.333828 0.0179438 -0.168858
0.333757 0.0195736 -0.168817
0.329352 0.0209196 -0.166285
0.330135 0.022588 -0.166735
0.330047 0.0241992 -0.166684
0.329952 0.0258099 -0.16663
0.33158 0.0275684 -0.167566
0.331473 0.0291868 -0.167504
0.33136 0.0308047 -0.167439
0.326058 0.031899 -0.164391
0.325935 0.0334896 -0.16432
0.325805 0.0350795 -0.164245
0.333432 0.0375705 -0.168631
0.341047 0.0401389 -0.173009
0.340892 0.0418049 -0.172919
0.340731 0.04347 -0.172827
0.324205 0.0429012 -0.163326
0.32404 0.0444823 -0.163231
0.323869 0.0460626 -0.163132
0.338303 0.049861 -0.171431
0.338112 0.0515131 -0.171321
0.337914 0.0531641 -0.171207
0.334278 0.0542402 -0.169117
0.325495 0.0543939 -0.164067
0.325287 0.0559814 -0.163947
0.325072 0.0575679 -0.163824
0.330841 0.0602785 -0.167141
0.33061 0.0618929 -0.167008
0.330372 0.0635061 -0.166871
0.32586 0.0642498 -0.164277
0.325614 0.0658391 -0.164136
0.325362 0.0674271 -0.163991
0.325104 0.0690139 -0.163843
0.327393 0.0711718 -0.165159
0.332222 0.0739392 -0.167935
0.335338 0.0763579 -0.169726
0.335895 0.0781984 -0.170046
0.335596 0.0798381 -0.169875
0.336138 0.0816884 -0.170186
0.335826 0.0833292 -0.170007
0.333816 0.0845271 -0.168851
0.328425 0.0848065 -0.165752
0.328101 0.0864085 -0.165566
0.327772 0.0880089 -0.165376
0.332488 0.0910337 -0.168088
0.327094 0.0912046 -0.164986
0.328426 0.0932921 -0.165752
0.32807 0.094894 -0.165548
0.327708 0.0964941 -0.16534
0.32734 0.0980924 -0.165128
0.329475 0.100478 -0.166356
0.329092 0.102085 -0.166135
0.332875 0.105047 -0.16831
0.332474 0.106672 -0.16808
0.332068 0.108294 -0.167846
0.331655 0.109914 -0.167609
0.333727 0.112397 -0.1688
0.333299 0.114025 -0.168554
0.333692 0.115948 -0.16878
0.334904 0.118177 -0.169477
0.334454 0.119812 -0.169218
0.333998 0.121444 -0.168956
0.333535 0.123073 -0.16869
0.333067 0.124701 -0.16842
0.33095 0.125683 -0.167203
0.332111 0.127948 -0.167871
0.331624 0.129568 -0.167591
0.331131 0.131186 -0.167307
0.330631 0.132801 -0.16702
0.330941 0.134756 -0.167198
0.330428 0.13637 -0.166903
0.333969 0.139733 -0.168939
0.334248 0.141716 -0.1691
0.333709 0.143347 -0.16879
0.332356 0.144613 -0.168012
0.331805 0.146234 -0.167695
0.331249 0.147852 -0.167376
0.330687 0.149468 -0.167052
0.332526 0.152217 -0.168109
0.335151 0.155369 -0.169619
0.335359 0.157391 -0.169739
0.334761 0.159028 -0.169394
0.334156 0.160661 -0.169047
0.333545 0.162291 -0.168696
0.334515 0.164723 -0.169253
0.333889 0.166355 -0.168893
0.337999 0.170448 -0.171256
0.337352 0.172098 -0.170884
0.341421 0.176256 -0.173224
0.340751 0.177922 -0.172839
0.340075 0.179585 -0.17245
0.334698 0.178662 -0.169358
0.330896 0.178557 -0.167172
0.330217 0.180171 -0.166782
0.329532 0.181781 -0.166389
0.334273 0.186511 -0.169114
0.338209 0.190842 -0.171377
0.339029 0.1934 -0.171848
0.338294 0.195054 -0.171426
0.337553 0.196705 -0.171
0.339108 0.199749 -0.171894
0.336053 0.199995 -0.170137
0.337584 0.203054 -0.171018
0.339098 0.206133 -0.171888
0.338316 0.207787 -0.171438
0.337526 0.209438 -0.170985
0.336731 0.211084 -0.170527
0.337439 0.213712 -0.170934
0.336627 0.215358 -0.170467
0.33656 0.2175 -0.170429
0.335734 0.219142 -0.169954
0.337143 0.222302 -0.170764
0.336299 0.223946 -0.170279
0.336935 0.226617 -0.170645
0.336816 0.228779 -0.170576
0.338165 0.231989 -0.171352
0.338021 0.234165 -0.171269
0.337868 0.236344 -0.171181
0.336971 0.237992 -0.170665
0.336067 0.239636 -0.170146
0.340262 0.245061 -0.172557
0.339331 0.246721 -0.172022
0.339845 0.249473 -0.172318
0.338898 0.251131 -0.171773
0.337945 0.252784 -0.171225
0.33483 0.252755 -0.169434
0.33387 0.254388 -0.168883
0.332905 0.256016 -0.168328
0.339057 0.263339 -0.171864
0.341608 0.26786 -0.173331
0.3413 0.270104 -0.173154
0.340275 0.271769 -0.172565
0.339244 0.273429 -0.171972
0.338206 0.275083 -0.171375
0.349048 0.286785 -0.177609
0.348657 0.289084 -0.177384
0.353117 0.295572 -0.179948
0.351996 0.297297 -0.179303
