%YAML:1.0
calibration_time: "Fri 29 May 2009 03:09:43 PM PDT"
image_count: 25
image_width: 2448
image_height: 2050
board_width: 6
board_height: 9
square_size: 0.0225000008940697
# flags: +fix_principal_point
flags: 4
camera_matrix: !!opencv-matrix
   rows: 3
   cols: 3
   dt: d
   data: [ 4.8279378890974976e+03, 0., 1.2235000000000000e+03, 0.,
       4.8356236178240124e+03, 1.0245000000000000e+03, 0., 0., 1. ]
distortion_coefficients: !!opencv-matrix
   rows: 1
   cols: 4
   dt: d
   data: [ -0.4152724899512228, 0.3187359213579168,
       -1.9683457308083503e-03, 7.1222945462703392e-04 ]
avg_reprojection_error: 0.8601827098705150
per_view_reprojection_errors: !!opencv-matrix
   rows: 1
   cols: 25
   dt: d
   data: [ 0.5760198522497106, 0.4863439489293981, 0.6066318088107638,
       0.5700881392867477, 0.5435248480902778, 0.5536679868344907,
       0.9304470486111112, 0.6710770218460648, 0.4916268807870370,
       1.0004283763744213, 0.8875551576967593, 0.8762096828884549,
       0.9545423719618056, 0.9600411874276621, 0.9375474717881944,
       0.9383714463975694, 1.0051639698169850, 1.0127676504629630,
       0.9899342854817709, 1.0877716629593461, 1.0906338161892362,
       1.0781617341218170, 1.0861352991174769, 1.0805415400752314,
       1.0893345585575811 ]
